SENSOR_LAT=33.8897185
SENSOR_LON=-78.4354295
WEATHER_CITY_NAME=Ocean Isle
